0000000000000000000000000000000000000000000000000000000000000000
0000000000000000000000000000000000000000000000000000000000000000
0000000000100000000000000000000000000000000000000000000000000000
0000000011000000000000000000000000000000000000000000000000000000
0000010111000000000000000000000000000000000000000000000000000000
0000111110000000000000000000000000000000000000000000000000000000
0000011111000000000000000000000000000000000000000000000000000000
0000001111000000000000000000000000000000000000000000000000000000
0000000001100000000000000000000000000000000000000000000000000000
0000000000110000000000000000000000000000000000000000000000000000
0000000000100000000000000000000000000000000000000000000000000000
0000000000110000010000000000000000000000000000000000000000000000
0000000000010000111100000000000000000000000000000000000000000000
0000000000110000101111000000000000000000000000000000000000000000
0000000000100000000111100000000000000000000000000000000000000000
0000000000110000000011000000000000000000000000000000000000000000
0000000000101000000000000000000000000000000000000000000000000000
0000000001100000000000000000000000000000000000000000000000000000
0000000000100000000000000000000000000000000000000000000000000000
0000000011100000000000000000000000000000000000000000000000000000
0000010111000000000000000000000000000000000000000000000000000000
0000111110000000000000000000000000000000000000000000000000000000
0000011111000000000000000000000000000000000000000000000000000000
0000001100000000000000000000000000000000000000000000000000000000
0000000000000000000000000000000000000000000000000000000000000000
0000000000000000000000000000000000000000000000000000000000000000
0000000000000000000000000000000000000000000000000000000000000000
0000000000000000000000000000000000000000000000000000000000000000
0000000000000000000000000000000000000000000000000000000000000000
0000000000000000000000000000000000000000000000000000000000000000
0000000000000000000000000000000000000000000000000000000000000000
0000000000000000000000000000000000000000000000000000000000000000
0000000000000000000000000000000000000000000000000000000000000000
0000000000000000000000000000000000000000000000000000000000000000
0000000000100000000000000000000000000000000000000000000000000000
0000000011000000000000000000000000000000000000000000000000000000
0000010111000000000000000000000000000000000000000000000000000000
0000111110000000000000000000000000000000000000000000000000000000
0000011111000000000000000000000000000000000000000000000000000000
0000001111000000000000000000000000000000000000000000000000000000
0000000001100000000000000000000000000000000000000000000000000000
0000000000110000000000000000000000000000000000000000000000000000
0000000000100000000000000000000000000000000000000000000000000000
0000000000110000010000000000000000000000000000000000000000000000
0000000000010000111100000000000000000000000000000000000000000000
0000000000110000101111000000000000000000000000000000000000000000
0000000000100000000111100000000000000000000000000000000000000000
0000000000110000000011000000000000000000000000000000000000000000
0000000000101000000000000000000000000000000000000000000000000000
0000000001100000000000000000000000000000000000000000000000000000
0000000000100000000000000000000000000000000000000000000000000000
0000000011100000000000000000000000000000000000000000000000000000
0000010111000000000000000000000000000000000000000000000000000000
0000111110000000000000000000000000000000000000000000000000000000
0000011111000000000000000000000000000000000000000000000000000000
0000001100000000000000000000000000000000000000000000000000000000
0000000000000000000000000000000000000000000000000000000000000000
0000000000000000000000000000000000000000000000000000000000000000
0000000000000000000000000000000000000000000000000000000000000000
0000000000000000000000000000000000000000000000000000000000000000
0000000000000000000000000000000000000000000000000000000000000000
0000000000000000000000000000000000000000000000000000000000000000
0000000000000000000000000000000000000000000000000000000000000000
0000000000000000000000000000000000000000000000000000000000000000